0.67
0.63
0.56
0.56
0.89
0.56
0.43
0.67
0.53
0.57
0.57
0.68
0.6
0.6
0.55
0.5
0.37
0.71
0.51
0.4
0.64
0.33
0.33
0.49
0.51
0.33
0.54
0.6
0.4
0.4
0.75
0.4
0.75
0.4
0.38
0.29
0.4
0.4
0.63
0.4
0.82
0.4
0.65
0.84
0.62
0.62
0.9
0.9
0.67
0.85
0.21
0.61
0.5
0.71
0.75
0.78
0.62
0.7
0.7
0.55
0.55
0.58
0.59
0.59
0.55
0.48
0.78
0.11
0.48
0.77
0.58
0.4
0.78
0.68
0.84
0.84
0.83
0.61
0.69
0.7
0.61
0.78
0.58
0.67
0.83
0.73
0.52
0.52
0.78
0.5
0.59
0.59
0.53
0.77
0.6
0.78
0.6
0.6
0.48
0.45
0.29
0.63
0.63
0.65
0.62
0.78
0.78
0.65
0.63
0.6
0.6
0.6
0.6
0.78
0.68
0.65
0.78
0.75
0.54
0.54
0.5
0.5
0.68
0.48
0.76
0.76
0.77
0.77
0.77
0.56
0.57
0.57
0.56
0.5
0.5
0.6
0.6
0.57
0.58
0.7
0.84
0.76
0.84
0.58
0.64
0.6
0.6
0.36
0.58
0.58
0.76
0.6
0.6
0.8
0.68
0.65
0.65
0.63
0.68
0.52
0.53
0.29
0.58
0.69
0.76
0.67
0.63
0.68
0.68
0.69
0.65
0.66
0.6
0.6
0.64
0.6
0.49
0.58
0.58
0.68
0.66
0.81
0.37
0.77
0.31
0.68
0.37
0.55
0.68
0.84
0.33
0.7
0.56
0.86
0.86
0.86
0.56
0.32
0.37
0.37
0.68
0.33
0.33
0.68
0.32
0.32
0.76
0.69
0.6
0.58
0.55
0.32
0.32
0.81
0.55
0.68
0.62
0.77
0.37
0.83
0.5
0.78
0.55
0.6
0.59
0.29
0.59
0.59
0.61
0.6
0.68
0.63
0.63
0.31
0.33
0.83
0.33
0.6
0.62
0.68
0.61
0.61
0.57
0.68
0.68
0.64
0.78
0.3
0.59
0.58
0.5
0.62
0.64
0.64
0.7
0.66
0.77
0.84
0.62
0.37
0.64
0.65
0.65
0.79
0.84
0.32
0.82
0.7
0.32
0.33
0.3
0.6
0.55
0.6
0.33
0.6
0.64
0.32
0.64
0.37
0.77
0.68
0.33
0.33
0.59
0.36
0.6
0.6
0.6
0.42
0.65
0.6
0.56
0.77
0.61
0.78
0.64
0.42
0.6
0.42
0.64
0.31
0.81
0.71
0.63
0.26
0.26
0.57
0.61
0.77
0.59
0.68
0.37
0.64
0.35
0.35
0.35
0.39
0.39
0.61
0.6
0.33
0.58
0.78
0.77
0.58
0.63
0.77
0.6
0.55
0.4
0.73
0.61
0.62
0.68
0.47
0.67
0.29
0.37
0.6
0.37
0.63
0.63
0.63
0.6
0.63
0.59
0.59
0.61
0.69
0.31
0.43
0.37
0.43
0.3
0.56
0.56
0.37
0.6
0.42
0.49
0.42
0.87
0.6
0.63
0.59
0.63
0.31
0.47
0.61
0.56
0.7
0.6
0.64
0.36
0.63
0.55
0.7
0.54
0.29
0.64
0.33
0.33
0.36
0.34
0.67
0.67
0.74
0.57
0.67
0.68
0.6
0.65
0.61
0.64
0.64
0.83
0.83
0.73
0.73
0.39
0.38
0.39
0.55
0.55
0.64
0.32
0.38
0.67
0.62
0.65
0.78
0.64
0.46
0.52
0.78
0.78
0.35
0.63
0.4
0.29
0.38
0.62
0.62
0.68
0.68
0.31
0.33
0.4
0.4
0.39
0.38
0.6
0.42
0.38
0.37
0.32
0.66
0.66
0.64
0.4
0.4
0.33
0.3
0.19
0.65
0.61
0.78
0.78
0.74
0.47
0.47
0.81
0.81
0.55
0.57
0.6
0.58
0.58
0.55
0.57
0.38
0.7
0.7
0.19
0.34
0.4
0.33
0.38
0.67
0.68
0.76
0.63
0.33
0.84
0.76
0.4
0.77
0.77
0.39
0.9
0.9
0.19
0.29
0.43
0.36
0.36
0.33
0.43
0.78
0.49
0.64
0.64
0.48
0.41
0.4
0.19
0.97
0.78
0.23
0.76
0.86
0.81
0.74
0.5
0.51
0.0000001
0.75
0.32
0.75
0.73
0.73
0.68
0.42
0.81
0.39
0.78
0.78
0.33
0.33
0.5
0.64
0.68
0.68
0.62
0.62
0.46
0.2
0.2
0.34
0.34
0.67
0.67
0.4
0.79
0.78
0.6
0.39
0.32
0.9
0.6
0.55
0.76
0.39
0.64
0.57
0.69
0.6
0.8
0.6
0.58
0.4
0.82
0.77
0.78
0.78
0.62
0.32
0.59
0.19
0.78
0.78
0.31
0.68
0.78
0.53
0.78
0.78
0.44
0.57
0.55
0.78
0.14
0.74
0.32
0.19
0.78
0.78
0.66
0.68
0.7
0.57
0.58
0.48
0.57
0.43
0.52
0.56
0.38
0.73
0.72
0.71
0.6
0.58
0.6
0.37
0.52
0.4
0.35
0.4
0.64
0.64
0.37
0.7
0.65
0.66
0.66
0.4
0.57
0.32
0.33
0.69
0.67
0.54
0.4
0.32
0.57
0.55
0.65
0.68
0.75
0.62
0.62
0.67
0.39
0.39
0.38
0.65
0.54
0.37
0.51
0.39
0.79
0.37
0.58
0.78
0.78
0.65
0.39
0.4
0.75
0.73
0.4
0.63
0.4
0.74
0.82
0.82
0.39
0.32
0.67
0.33
0.39
1.02
0.89
0.76
0.66
0.35
0.56
0.32
0.32
0.68
0.68
0.64
0.39
0.39
0.64
0.64
0.34
0.51
0.85
0.67
0.35
0.73
0.35
0.33
0.38
0.67
0.25
0.48
0.75
0.66
0.65
0.68
0.78
0.56
0.68
0.6
0.6
0.6
0.72
0.49
0.66
0.6
0.83
0.7
0.73
0.45
0.58
0.68
0.6
0.73
0.85
0.83
0.62
0.68
0.68
0.6
0.85
0.8
0.78
0.73
0.65
0.64
0.6
0.64
0.8
0.73
0.49
0.73
0.73
0.73
0.89
0.38
0.38
0.77
0.78
0.69
0.9
0.77
0.78
0.83
0.78
0.56
0.7
0.33
0.68
0.55
0.67
0.55
0.64
0.64
0.71
0.31
0.64
0.78
0.7
0.67
0.78
0.31
0.36
0.73
0.28
0.33
0.3
0.65
0.54
0.64
0.67
0.66
0.83
0.41
0.31
0.7
0.6
0.6
0.64
0.41
0.49
0.66
0.34
0.35
0.78
0.43
0.75
0.7
0.65
0.64
0.77
0.58
0.48
0.61
0.71
0.78
0.61
0.32
0.39
0.69
0.69
0.3
0.68
0.65
0.69
0.53
0.94
0.68
0.6
0.62
0.73
0.59
0.84
0.66
0.83
0.68
0.78
0.82
0.56
0.85
0.82
0.38
0.78
0.49
0.41
0.65
0.35
0.37
0.69
0.38
0.29
0.43
0.46
1.02
1.02
0.83
0.85
0.69
0.9
0.31
0.73
0.69
0.92
0.92
0.33
0.78
0.68
0.6
0.38
0.37
0.68
0.63
0.23
0.37
0.42
0.6
0.7
0.83
0.69
0.35
0.34
0.37
0.6
0.42
0.69
0.31
0.7
0.7
0.84
0.69
0.37
0.58
0.71
0.83
0.32
0.32
0.3
0.34
0.36
0.35
0.35
0.61
0.85
0.32
0.37
0.62
0.37
0.42
0.32
0.39
0.41
0.17
0.82
0.89
0.89
0.43
0.29
0.61
0.45
0.66
0.39
0.39
0.68
0.68
0.33
0.43
0.68
0.89
0.23
0.32
0.23
0.33
0.4
0.61
0.35
0.35
0.67
0.6
0.51
0.33
0.65
0.59
0.55
0.33
0.62
0.6
0.61
0.33
0.61
0.6
0.47
0.33
0.35
0.38
0.78
0.68
0.78
0.39
0.43
0.65
0.78
0.68
0.68
0.91
0.66
0.44
0.84
0.64
0.76
0.65
0.69
0.35
0.69
0.408
0.35
0.35
0.35
0.35
0.58
0.64
0.83
0.33
0.55
0.65
0.35
0.64
0.64
0.61
0.61
0.88
0.71
0.33
0.3
0.64
0.64
0.64
0.64
0.73
0.63
0.63
0.63
0.63
0.65
0.65
0.33
0.4
0.64
0.64
0.81
0.32
0.35
0.32
0.35
0.35
0.35
0.34
0.35
0.79
0.71
0.71
0.4
0.7
0.41
0.59
0.28
0.32
0.5
0.6
0.78
0.64
0.69
0.49
0.39
0.42
0.42
0.69
0.31
0.83
0.79
0.79
0.68
0.82
0.75
0.78
0.36
0.71
0.67
0.73
0.69
0.71
0.38
0.38
0.69
0.77
0.3
0.32
0.35
0.63
0.66
0.69
0.75
0.63
0.81
0.61
0.93
0.48
0.6
0.6
0.58
0.38
0.67
0.67
0.67
0.67
0.61
0.33
0.59
0.32
0.59
0.5
0.34
0.66
0.46
0.69
0.66
0.66
0.68
0.3
0.33
0.88
0.32
0.63
0.56
0.61
0.55
0.5
0.86
0.63
0.71
0.71
0.68
0.65
0.78
0.76
0.78
0.34
0.49
0.62
0.48
0.38
0.38
0.48
0.6
0.78
1.02
0.84
0.82
0.82
0.47
0.56
0.82
0.53
0.31
0.68
0.68
0.5
0.4
0.65
0.37
0.81
0.41
0.6
0.31
0.85
0.51
0.23
0.38
0.51
0.68
0.48
0.67
0.35
0.68
0.37
0.73
0.33
0.59
0.54
0.54
0.43
0.81
0.32
0.53
0.31
0.77
0.68
0.76
0.25
0.47
0.33
0.33
0.41
0.61
0.67
0.89
0.77
0.37
0.37
0.58
0.32
0.37
0.74
0.3
0.43
0.33
0.35
0.3
0.3
0.59
0.59
0.49
0.49
0.68
0.6
0.6
0.65
0.64
0.55
0.77
0.4
0.65
0.32
0.64
0.64
0.64
0.64
0.64
0.6
0.59
0.65
0.65
0.65
0.6
0.28
0.6
0.63
0.54
0.67
0.7
0.38
0.38
0.78
0.29
0.67
0.48
0.26
0.64
0.64
0.9
0.54
0.75
0.64
0.64
0.65
0.6
0.6
0.78
0.65
0.33
0.56
0.56
0.56
0.35
0.35
0.87
0.68
0.54
0.54
0.64
0.51
0.67
0.67
0.39
0.77
0.77
0.64
0.64
0.75
0.88
0.35
0.65
0.35
0.26
0.6
0.67
0.67
0.34
0.23
0.53
0.42
0.42
0.76
0.8
0.73
0.73
0.73
0.73
0.33
0.44
0.9
0.78
0.19
0.32
0.32
0.75
0.75
0.72
0.72
0.33
0.64
0.65
0.32
0.75
0.38
0.38
0.38
0.67
0.32
0.41
0.64
0.6
0.42
0.41
0.4
0.35
0.34
0.12
0.42
0.32
0.45
0.88
0.37
0.73
0.73
0.36
0.34
0.26
0.23
0.6
0.35
0.29
0.58
0.22
0.19
0.19
0.72
0.35
0.65
0.65
0.34
0.38
0.38
0.68
0.38
0.46
0.43
0.38
0.3
0.22
0.42
0.57
0.6
0.37
0.57
0.36
0.66
0.32
0.59
0.64
0.64
0.31
0.38
0.69
0.58
0.63
0.7
0.65
0.65
0.3
0.47
0.57
0.3
0.56
0.32
0.84
0.84
0.57
0.29
0.29
0.81
0.66
0.61
0.61
0.77
0.58
0.64
0.31
0.36
0.35
0.65
1
0.6
0.4
0.51
0.41
0.75
0.38
0.35
0.37
0.67
0.36
0.78
0.47
0.61
0.51
0.61
0.58
0.57
0.28
0.29
0.63
0.64
0.71
0.72
0.29
0.56
0.62
0.31
0.52
0.91
0.61
0.71
0.65
0.29
0.58
0.4
0.65
0.67
0.75
0.75
0.61
0.64
0.7
0.55
0.35
0.31
0.75
0.75
0.86
0.75
0.75
0.33
0.3
0.75
0.9
0.6
0.31
0.7
0.51
0.78
0.53
0.83
0.31
0.65
0.63
0.33
0.59
0.79
0.41
0.41
0.35
0.77
0.32
0.7
0.3
0.75
0.48
0.72
0.64
0.31
0.33
0.6
0.33
0.62
0.62
0.39
0.31
0.63
0.54
0.6
0.64
0.33
0.31
0.31
0.33
0.62
0.36
0.29
0.55
0.61
0.54
0.66
0.72
0.72
0.35
0.35
0.38
0.63
0.33
0.67
0.86
0.35
0.34
0.34
0.63
0.63
0.61
0.29
0.32
0.32
0.61
0.61
0.59
0.47
0.32
0.32
0.31
0.31
0.64
0.25
0.36
0.92
0.57
0.65
0.35
0.35
0.64
0.25
0.61
0.69
0.61
0.66
0.31
0.49
0.32
0.76
0.54
0.65
0.73
0.25
0.53
0.72
0.59
0.55
0.55
0.57
0.65
0.64
0.54
0.23
0.61
0.61
0.49
0.28
0.35
0.35
0.21
0.59
0.59
0.61
0.61
0.26
0.33
0.33
0.23
0.36
0.47
0.49
0.86
0.84
0.55
0.55
0.7
0.56
0.71
0.6
0.43
0.43
0.48
0.54
0.54
0.31
0.33
0.89
0.32
0.35
0.5
0.7
0.7
0.88
0.6
0.64
0.77
0.76
0.76
0.7
0.67
0.53
0.63
0.73
0.66
0.66
0.56
0.56
0.75
0.75
0.6
0.5
0.35
